AND3X1 7 0.7      1.2 x 1.4       1.68

AND3X1 10 0.7      1.12 x 1.4       1.568

AND3X1 14 0.7      1.1 x 1.4       1.54

AND3X1 20 0.7      1.12 x 1.4       1.568

AND3X1 28 0.7      1.1 x 1.4       1.54

AND3X1 35 0.7      1.12 x 1.4       1.568

AND3X1 70 0.7      1.1 x 1.4       1.54

AND3X1 140 0.7      1.1 x 1.4       1.54

AND3X1 7 0.65      1.2 x 1.4       1.68

AND3X1 10 0.65      1.26 x 1.4       1.764

AND3X1 14 0.65      1.1 x 1.4       1.54

AND3X1 20 0.65      1.12 x 1.4       1.568

AND3X1 28 0.65      1.1 x 1.4       1.54

AND3X1 35 0.65      1.12 x 1.4       1.568

AND3X1 70 0.65      1.1 x 1.4       1.54

AND3X1 140 0.65      1.1 x 1.4       1.54

AND3X1 7 0.75      1.4 x 1.4       1.96

AND3X1 10 0.75      1.12 x 1.4       1.568

AND3X1 14 0.75      1.1 x 1.4       1.54

AND3X1 20 0.75      1.12 x 1.4       1.568

AND3X1 28 0.75      1.1 x 1.4       1.54

AND3X1 35 0.75      1.12 x 1.4       1.568

AND3X1 70 0.75      1.1 x 1.4       1.54

AND3X1 140 0.75      1.1 x 1.4       1.54

AND3X1 7 0.59      0 x 0       0

AND3X1 10 0.59      0 x 0       0

AND3X1 14 0.59      0 x 0       0

AND3X1 20 0.59      0 x 0       0

AND3X1 28 0.59      0 x 0       0

AND3X1 35 0.59      0 x 0       0

AND3X1 70 0.59      0 x 0       0

AND3X1 140 0.59      0 x 0       0

AND3X1 7 0.8      1.2 x 1.4       1.68

AND3X1 10 0.8      1.26 x 1.4       1.764

AND3X1 14 0.8      1.1 x 1.4       1.54

AND3X1 20 0.8      1.12 x 1.4       1.568

AND3X1 28 0.8      1.1 x 1.4       1.54

AND3X1 35 0.8      1.12 x 1.4       1.568

AND3X1 70 0.8      1.1 x 1.4       1.54

AND3X1 140 0.8      1.1 x 1.4       1.54

AND3X1 7 0.55      1.4 x 1.4       1.96

AND3X1 10 0.55      1.26 x 1.4       1.764

AND3X1 14 0.55      1.2 x 1.4       1.68

AND3X1 20 0.55      1.12 x 1.4       1.568

AND3X1 28 0.55      1.15 x 1.4       1.61

AND3X1 35 0.55      1.12 x 1.4       1.568

AND3X1 70 0.55      1.12 x 1.4       1.568

AND3X1 140 0.55      1.12 x 1.4       1.568
===========================================
AND3X1 7 0.7      1.2 x 1.4       1.68

AND3X1 7 0.7      1.2 x 1.4       1.68

AND3X1 70 0.59      0 x 0       0

AND3X1 70 0.6      0 x 0       0

AND3X1 70 0.58      0 x 0       0

AND3X1 70 0.57      0 x 0       0

AND3X1 280 0.59      0 x 0       0

AND3X1 280 0.558      1.115 x 1.4       1.561

AND3X1 280 0.585      0 x 0       0

AND3X1 350 0.59      0.925 x 1.75       1.61875

AND3X1 700 0.59      0.925 x 1.75       1.61875

AND3X1 1400 0.59      0.925 x 3.5       3.2375

AND3X1 280 0.59      0 x 0       0

AND3X1 1400 0.59      0.925 x 3.5       3.2375

AND3X1 1400 0.59      0.925 x 3.5       3.2375

AND3X1 280 0.592      0 x 0       0

AND3X1 280 0.592      0 x 0       0

AND3X1 280 0.61      0 x 0       0

AND3X1 280 0.62      0 x 0       0

AND3X1 280 0.63      1.1 x 1.4       1.54

AND3X1 280 0.625      1.1 x 1.4       1.54

AND3X1 280 0.62      0 x 0       0

AND3X1 280 0.623      1.1 x 1.4       1.54

AND3X1 280 0.64      1.1 x 1.4       1.54

AND3X1 280 0.65      1.1 x 1.4       1.54

AND3X1 280 0.621      0 x 0       0

AND3X1 280 0.6225      0 x 0       0

AND3X1 280 0.625      1.1 x 1.4       1.54

AND3X1 700 0.625      0.925 x 1.75       1.61875

AND3X1 350 0.625      0.925 x 1.75       1.61875

AND3X1 280 0.625      1.1 x 1.4       1.54

