AOI21X1 10 0.7      1.26 x 1.4

AOI21X1 14 0.7      1.3 x 1.4

AOI21X1 20 0.7      1.26 x 1.4

AOI21X1 28 0.7      1.25 x 1.4

AOI21X1 35 0.7      1.28 x 1.4

AOI21X1 70 0.7      1.26 x 1.4

AOI21X1 140 0.7      1.25 x 1.4

AOI21X1 7 0.65      1.6 x 1.4

AOI21X1 14 0.65      1.3 x 1.4

AOI21X1 28 0.65      1.35 x 1.4

AOI21X1 35 0.65      1.28 x 1.4

AOI21X1 70 0.65      1.26 x 1.4

AOI21X1 140 0.65      1.25 x 1.4

AOI21X1 7 0.75      1.4 x 1.4

AOI21X1 10 0.75      1.26 x 1.4

AOI21X1 14 0.75      1.3 x 1.4

AOI21X1 28 0.75      1.25 x 1.4

AOI21X1 140 0.75      1.25 x 1.4

AOI21X1 7 0.6      1.4 x 1.4

AOI21X1 10 0.6      1.26 x 1.4

AOI21X1 14 0.6      1.3 x 1.4

AOI21X1 20 0.6      1.26 x 1.4

AOI21X1 35 0.6      1.28 x 1.4

AOI21X1 70 0.6      1.26 x 1.4

AOI21X1 140 0.6      1.25 x 1.4

AOI21X1 140 0.8      1.78 x 1.4
=======================================
AOI21X1 7 0.7      1.4 x 1.4       1.96

AOI21X1 10 0.7      1.4 x 1.4       1.96

AOI21X1 14 0.7      1.3 x 1.4       1.82

AOI21X1 20 0.7      1.33 x 1.4       1.862

AOI21X1 28 0.7      1.3 x 1.4       1.82

AOI21X1 35 0.7      1.32 x 1.4       1.848

AOI21X1 70 0.7      1.3 x 1.4       1.82

AOI21X1 140 0.7      1.29 x 1.4       1.806

AOI21X1 7 0.65      1.4 x 1.4       1.96

AOI21X1 10 0.65      1.4 x 1.4       1.96

AOI21X1 14 0.65      1.3 x 1.4       1.82

AOI21X1 20 0.65      1.33 x 1.4       1.862

AOI21X1 28 0.65      1.3 x 1.4       1.82

AOI21X1 35 0.65      1.32 x 1.4       1.848

AOI21X1 70 0.65      1.3 x 1.4       1.82

AOI21X1 140 0.65      1.29 x 1.4       1.806

AOI21X1 7 0.75      1.4 x 1.4       1.96

AOI21X1 10 0.75      1.4 x 1.4       1.96

AOI21X1 14 0.75      1.3 x 1.4       1.82

AOI21X1 20 0.75      1.33 x 1.4       1.862

AOI21X1 28 0.75      1.3 x 1.4       1.82

AOI21X1 35 0.75      1.32 x 1.4       1.848

AOI21X1 70 0.75      1.3 x 1.4       1.82

AOI21X1 140 0.75      1.29 x 1.4       1.806

AOI21X1 7 0.59      0 x 0       0

AOI21X1 10 0.59      0 x 0       0

AOI21X1 14 0.59      0 x 0       0

AOI21X1 20 0.59      0 x 0       0

AOI21X1 28 0.59      0 x 0       0

AOI21X1 35 0.59      0 x 0       0

AOI21X1 70 0.59      0 x 0       0

AOI21X1 140 0.59      0 x 0       0

AOI21X1 7 0.8      1.6 x 1.4       2.24

AOI21X1 10 0.8      1.4 x 1.4       1.96

AOI21X1 14 0.8      1.3 x 1.4       1.82

AOI21X1 20 0.8      1.33 x 1.4       1.862

AOI21X1 28 0.8      1.3 x 1.4       1.82

AOI21X1 35 0.8      1.32 x 1.4       1.848

AOI21X1 70 0.8      1.3 x 1.4       1.82

AOI21X1 140 0.8      1.29 x 1.4       1.806

AOI21X1 7 0.55      1.4 x 1.4       1.96

AOI21X1 10 0.55      1.4 x 1.4       1.96

AOI21X1 14 0.55      1.3 x 1.4       1.82

AOI21X1 20 0.55      1.33 x 1.4       1.862

AOI21X1 28 0.55      1.3 x 1.4       1.82

AOI21X1 35 0.55      1.32 x 1.4       1.848

AOI21X1 70 0.55      1.3 x 1.4       1.82

AOI21X1 140 0.55      1.29 x 1.4       1.806
============================================
AOI21X1 7 0.7      1.4 x 1.4       1.96

AOI21X1 10 0.7      1.4 x 1.4       1.96

AOI21X1 14 0.7      1.3 x 1.4       1.82

AOI21X1 20 0.7      1.33 x 1.4       1.862

AOI21X1 28 0.7      1.3 x 1.4       1.82

AOI21X1 35 0.7      1.32 x 1.4       1.848

AOI21X1 70 0.7      1.3 x 1.4       1.82

AOI21X1 140 0.7      1.29 x 1.4       1.806

AOI21X1 7 0.65      1.4 x 1.4       1.96

AOI21X1 10 0.65      1.4 x 1.4       1.96

AOI21X1 14 0.65      1.3 x 1.4       1.82

AOI21X1 20 0.65      1.33 x 1.4       1.862

AOI21X1 28 0.65      1.3 x 1.4       1.82

AOI21X1 35 0.65      1.32 x 1.4       1.848

AOI21X1 70 0.65      1.3 x 1.4       1.82

AOI21X1 140 0.65      1.29 x 1.4       1.806

AOI21X1 7 0.75      1.4 x 1.4       1.96

AOI21X1 10 0.75      1.4 x 1.4       1.96

AOI21X1 14 0.75      1.3 x 1.4       1.82

AOI21X1 20 0.75      1.33 x 1.4       1.862

AOI21X1 28 0.75      1.3 x 1.4       1.82

AOI21X1 35 0.75      1.32 x 1.4       1.848

AOI21X1 70 0.75      1.3 x 1.4       1.82

AOI21X1 140 0.75      1.29 x 1.4       1.806

AOI21X1 7 0.6      0 x 0       0

AOI21X1 10 0.6      0 x 0       0

AOI21X1 14 0.6      0 x 0       0

AOI21X1 20 0.6      0 x 0       0

AOI21X1 28 0.6      0 x 0       0

AOI21X1 35 0.6      0 x 0       0

AOI21X1 70 0.6      0 x 0       0

AOI21X1 140 0.6      0 x 0       0

AOI21X1 7 0.8      1.6 x 1.4       2.24

AOI21X1 10 0.8      1.4 x 1.4       1.96

AOI21X1 14 0.8      1.3 x 1.4       1.82

AOI21X1 20 0.8      1.33 x 1.4       1.862

AOI21X1 28 0.8      1.3 x 1.4       1.82

AOI21X1 35 0.8      1.32 x 1.4       1.848

AOI21X1 70 0.8      1.3 x 1.4       1.82

AOI21X1 140 0.8      1.29 x 1.4       1.806

AOI21X1 7 0.55      1.4 x 1.4       1.96

AOI21X1 10 0.55      1.4 x 1.4       1.96

AOI21X1 14 0.55      1.3 x 1.4       1.82

AOI21X1 20 0.55      1.33 x 1.4       1.862

AOI21X1 28 0.55      1.3 x 1.4       1.82

AOI21X1 35 0.55      1.32 x 1.4       1.848

AOI21X1 70 0.55      1.3 x 1.4       1.82

AOI21X1 140 0.55      1.29 x 1.4       1.806

