AOI22X1 70 0.7      1.64 x 1.4       2.296

AOI22X1 140 0.7      1.63 x 1.4       2.282

AOI22X1 280 0.7      1.63 x 1.4       2.282

AOI22X1 35 0.65      1.64 x 1.4       2.296

AOI22X1 70 0.65      1.64 x 1.4       2.296

AOI22X1 140 0.65      1.63 x 1.4       2.282

AOI22X1 14 0.75      1.7 x 1.4       2.38

AOI22X1 280 0.75      1.63 x 1.4       2.282

AOI22X1 7 0.6      0 x 0       0

AOI22X1 10 0.6      0 x 0       0

AOI22X1 14 0.6      0 x 0       0

AOI22X1 20 0.6      0 x 0       0

AOI22X1 28 0.6      0 x 0       0

AOI22X1 35 0.6      0 x 0       0

AOI22X1 70 0.6      0 x 0       0

AOI22X1 140 0.6      0 x 0       0

AOI22X1 280 0.6      0 x 0       0

AOI22X1 14 0.8      1.7 x 1.4       2.38

AOI22X1 20 0.8      1.68 x 1.4       2.352

AOI22X1 7 0.55      2 x 1.4       2.8

AOI22X1 10 0.55      1.68 x 1.4       2.352

AOI22X1 14 0.55      1.7 x 1.4       2.38

AOI22X1 20 0.55      1.68 x 1.4       2.352

AOI22X1 28 0.55      1.7 x 1.4       2.38

AOI22X1 35 0.55      1.68 x 1.4       2.352

AOI22X1 70 0.55      1.68 x 1.4       2.352

AOI22X1 140 0.55      1.67 x 1.4       2.338

AOI22X1 280 0.55      1.67 x 1.4       2.338

