BUFX1 7 0.7      0.8 x 1.4       1.12

BUFX1 10 0.7      0.84 x 1.4       1.176

BUFX1 14 0.7      0.8 x 1.4       1.12

BUFX1 20 0.7      0.77 x 1.4       1.078

BUFX1 28 0.7      0.75 x 1.4       1.05

BUFX1 35 0.7      0.72 x 1.4       1.008

BUFX1 70 0.7      0.72 x 1.4       1.008

BUFX1 140 0.7      0.72 x 1.4       1.008

BUFX1 280 0.7      0.72 x 1.4       1.008

BUFX1 7 0.65      0.8 x 1.4       1.12

BUFX1 10 0.65      0.84 x 1.4       1.176

BUFX1 14 0.65      0.8 x 1.4       1.12

BUFX1 20 0.65      0.77 x 1.4       1.078

BUFX1 28 0.65      0.75 x 1.4       1.05

BUFX1 35 0.65      0.72 x 1.4       1.008

BUFX1 70 0.65      0.72 x 1.4       1.008

BUFX1 140 0.65      0.72 x 1.4       1.008

BUFX1 280 0.65      0.72 x 1.4       1.008

BUFX1 7 0.75      0.8 x 1.4       1.12

BUFX1 10 0.75      0.84 x 1.4       1.176

BUFX1 14 0.75      0.8 x 1.4       1.12

BUFX1 20 0.75      0.77 x 1.4       1.078

BUFX1 28 0.75      0.75 x 1.4       1.05

BUFX1 35 0.75      0.72 x 1.4       1.008

BUFX1 70 0.75      0.72 x 1.4       1.008

BUFX1 140 0.75      0.72 x 1.4       1.008

BUFX1 280 0.75      0.72 x 1.4       1.008

BUFX1 7 0.6      0 x 0       0

BUFX1 10 0.6      0 x 0       0

BUFX1 14 0.6      0 x 0       0

BUFX1 20 0.6      0 x 0       0

BUFX1 28 0.6      0 x 0       0

BUFX1 35 0.6      0 x 0       0

BUFX1 70 0.6      0 x 0       0

BUFX1 140 0.6      0 x 0       0

BUFX1 280 0.6      0 x 0       0

BUFX1 7 0.8      0.8 x 1.4       1.12

BUFX1 10 0.8      0.84 x 1.4       1.176

BUFX1 14 0.8      0.8 x 1.4       1.12

BUFX1 20 0.8      0.77 x 1.4       1.078

BUFX1 28 0.8      0.75 x 1.4       1.05

BUFX1 35 0.8      0.72 x 1.4       1.008

BUFX1 70 0.8      0.72 x 1.4       1.008

BUFX1 140 0.8      0.72 x 1.4       1.008

BUFX1 280 0.8      0.72 x 1.4       1.008

BUFX1 7 0.55      0.8 x 1.4       1.12

BUFX1 10 0.55      0.84 x 1.4       1.176

BUFX1 14 0.55      0.8 x 1.4       1.12

BUFX1 20 0.55      0.77 x 1.4       1.078

BUFX1 28 0.55      0.75 x 1.4       1.05

BUFX1 35 0.55      0.76 x 1.4       1.064

BUFX1 70 0.55      0.74 x 1.4       1.036

BUFX1 140 0.55      0.74 x 1.4       1.036

BUFX1 280 0.55      0.735 x 1.4       1.029

