INVX1 7 0.7      0.6 x 1.4       0.84

INVX1 10 0.7      0.56 x 1.4       0.784

INVX1 14 0.7      0.6 x 1.4       0.84

INVX1 20 0.7      0.56 x 1.4       0.784

INVX1 28 0.7      0.55 x 1.4       0.77

INVX1 35 0.7      0.56 x 1.4       0.784

INVX1 70 0.7      0.54 x 1.4       0.756

INVX1 140 0.7      0.53 x 1.4       0.742

INVX1 280 0.7      0.53 x 1.4       0.742

INVX1 7 0.65      0.6 x 1.4       0.84

INVX1 10 0.65      0.56 x 1.4       0.784

INVX1 14 0.65      0.6 x 1.4       0.84

INVX1 20 0.65      0.56 x 1.4       0.784

INVX1 28 0.65      0.55 x 1.4       0.77

INVX1 35 0.65      0.56 x 1.4       0.784

INVX1 70 0.65      0.54 x 1.4       0.756

INVX1 140 0.65      0.53 x 1.4       0.742

INVX1 280 0.65      0.53 x 1.4       0.742

INVX1 7 0.75      0.6 x 1.4       0.84

INVX1 10 0.75      0.56 x 1.4       0.784

INVX1 14 0.75      0.6 x 1.4       0.84

INVX1 20 0.75      0.56 x 1.4       0.784

INVX1 28 0.75      0.55 x 1.4       0.77

INVX1 35 0.75      0.56 x 1.4       0.784

INVX1 70 0.75      0.54 x 1.4       0.756

INVX1 140 0.75      0.53 x 1.4       0.742

INVX1 280 0.75      0.53 x 1.4       0.742

INVX1 7 0.6      0 x 0       0

INVX1 10 0.6      0 x 0       0

INVX1 14 0.6      0 x 0       0

INVX1 20 0.6      0 x 0       0

INVX1 28 0.6      0 x 0       0

INVX1 35 0.6      0 x 0       0

INVX1 70 0.6      0 x 0       0

INVX1 140 0.6      0 x 0       0

INVX1 280 0.6      0 x 0       0

INVX1 7 0.8      0.6 x 1.4       0.84

INVX1 10 0.8      0.56 x 1.4       0.784

INVX1 14 0.8      0.6 x 1.4       0.84

INVX1 20 0.8      0.56 x 1.4       0.784

INVX1 28 0.8      0.55 x 1.4       0.77

INVX1 35 0.8      0.56 x 1.4       0.784

INVX1 70 0.8      0.54 x 1.4       0.756

INVX1 140 0.8      0.53 x 1.4       0.742

INVX1 280 0.8      0.53 x 1.4       0.742

INVX1 7 0.55      0.6 x 1.4       0.84

INVX1 10 0.55      0.56 x 1.4       0.784

INVX1 14 0.55      0.6 x 1.4       0.84

INVX1 20 0.55      0.56 x 1.4       0.784

INVX1 28 0.55      0.55 x 1.4       0.77

INVX1 35 0.55      0.56 x 1.4       0.784

INVX1 70 0.55      0.54 x 1.4       0.756

INVX1 140 0.55      0.53 x 1.4       0.742

INVX1 280 0.55      0.53 x 1.4       0.742

