MUX2X1 7 0.7      1.6 x 1.4       2.24

MUX2X1 10 0.7      1.54 x 1.4       2.156

MUX2X1 14 0.7      1.5 x 1.4       2.1

MUX2X1 20 0.7      1.54 x 1.4       2.156

MUX2X1 28 0.7      1.5 x 1.4       2.1

MUX2X1 35 0.7      1.48 x 1.4       2.072

MUX2X1 70 0.7      1.48 x 1.4       2.072

MUX2X1 140 0.7      1.48 x 1.4       2.072

MUX2X1 280 0.7      1.48 x 1.4       2.072

MUX2X1 7 0.65      1.6 x 1.4       2.24

MUX2X1 10 0.65      1.54 x 1.4       2.156

MUX2X1 14 0.65      1.5 x 1.4       2.1

MUX2X1 20 0.65      1.54 x 1.4       2.156

MUX2X1 28 0.65      1.5 x 1.4       2.1

MUX2X1 35 0.65      1.48 x 1.4       2.072

MUX2X1 70 0.65      1.48 x 1.4       2.072

MUX2X1 140 0.65      1.48 x 1.4       2.072

MUX2X1 280 0.65      1.48 x 1.4       2.072

MUX2X1 7 0.75      1.6 x 1.4       2.24

MUX2X1 10 0.75      1.54 x 1.4       2.156

MUX2X1 14 0.75      1.5 x 1.4       2.1

MUX2X1 20 0.75      1.54 x 1.4       2.156

MUX2X1 28 0.75      1.5 x 1.4       2.1

MUX2X1 35 0.75      1.48 x 1.4       2.072

MUX2X1 70 0.75      1.48 x 1.4       2.072

MUX2X1 140 0.75      1.48 x 1.4       2.072

MUX2X1 280 0.75      1.48 x 1.4       2.072

MUX2X1 7 0.6      0 x 0       0

MUX2X1 10 0.6      0 x 0       0

MUX2X1 14 0.6      0 x 0       0

MUX2X1 20 0.6      0 x 0       0

MUX2X1 28 0.6      0 x 0       0

MUX2X1 35 0.6      0 x 0       0

MUX2X1 70 0.6      0 x 0       0

MUX2X1 140 0.6      0 x 0       0

MUX2X1 280 0.6      0 x 0       0

MUX2X1 7 0.8      1.6 x 1.4       2.24

MUX2X1 10 0.8      1.68 x 1.4       2.352

MUX2X1 14 0.8      1.5 x 1.4       2.1

MUX2X1 20 0.8      1.54 x 1.4       2.156

MUX2X1 28 0.8      1.5 x 1.4       2.1

MUX2X1 35 0.8      1.48 x 1.4       2.072

MUX2X1 70 0.8      1.48 x 1.4       2.072

MUX2X1 140 0.8      1.48 x 1.4       2.072

MUX2X1 280 0.8      1.48 x 1.4       2.072

MUX2X1 7 0.55      1.8 x 1.4       2.52

MUX2X1 10 0.55      1.54 x 1.4       2.156

MUX2X1 14 0.55      1.5 x 1.4       2.1

MUX2X1 20 0.55      1.54 x 1.4       2.156

MUX2X1 28 0.55      1.5 x 1.4       2.1

MUX2X1 35 0.55      1.52 x 1.4       2.128

MUX2X1 70 0.55      1.5 x 1.4       2.1

MUX2X1 140 0.55      1.5 x 1.4       2.1

MUX2X1 280 0.55      1.495 x 1.4       2.093

