OAI22X1 7 0.7      1.8 x 1.4       2.52

OAI22X1 10 0.7      1.68 x 1.4       2.352

OAI22X1 14 0.7      1.7 x 1.4       2.38

OAI22X1 20 0.7      1.68 x 1.4       2.352

OAI22X1 28 0.7      1.7 x 1.4       2.38

OAI22X1 35 0.7      1.68 x 1.4       2.352

OAI22X1 70 0.7      1.68 x 1.4       2.352

OAI22X1 140 0.7      1.67 x 1.4       2.338

OAI22X1 280 0.7      1.67 x 1.4       2.338

OAI22X1 7 0.65      1.8 x 1.4       2.52

OAI22X1 10 0.65      1.68 x 1.4       2.352

OAI22X1 14 0.65      1.7 x 1.4       2.38

OAI22X1 20 0.65      1.68 x 1.4       2.352

OAI22X1 28 0.65      1.7 x 1.4       2.38

OAI22X1 35 0.65      1.68 x 1.4       2.352

OAI22X1 70 0.65      1.68 x 1.4       2.352

OAI22X1 140 0.65      1.67 x 1.4       2.338

OAI22X1 280 0.65      1.67 x 1.4       2.338

OAI22X1 7 0.75      1.8 x 1.4       2.52

OAI22X1 10 0.75      1.68 x 1.4       2.352

OAI22X1 14 0.75      1.7 x 1.4       2.38

OAI22X1 20 0.75      1.68 x 1.4       2.352

OAI22X1 28 0.75      1.7 x 1.4       2.38

OAI22X1 35 0.75      1.68 x 1.4       2.352

OAI22X1 70 0.75      1.68 x 1.4       2.352

OAI22X1 140 0.75      1.67 x 1.4       2.338

OAI22X1 280 0.75      1.67 x 1.4       2.338

OAI22X1 7 0.6      0 x 0       0

OAI22X1 10 0.6      0 x 0       0

OAI22X1 14 0.6      0 x 0       0

OAI22X1 20 0.6      0 x 0       0

OAI22X1 28 0.6      0 x 0       0

OAI22X1 35 0.6      0 x 0       0

OAI22X1 70 0.6      0 x 0       0

OAI22X1 140 0.6      0 x 0       0

OAI22X1 280 0.6      0 x 0       0

OAI22X1 7 0.8      1.8 x 1.4       2.52

OAI22X1 10 0.8      1.68 x 1.4       2.352

OAI22X1 14 0.8      1.7 x 1.4       2.38

OAI22X1 20 0.8      1.68 x 1.4       2.352

OAI22X1 28 0.8      1.7 x 1.4       2.38

OAI22X1 35 0.8      1.68 x 1.4       2.352

OAI22X1 70 0.8      1.68 x 1.4       2.352

OAI22X1 140 0.8      1.67 x 1.4       2.338

OAI22X1 280 0.8      1.67 x 1.4       2.338

OAI22X1 14 0.55      1.7 x 1.4       2.38

OAI22X1 28 0.55      1.65 x 1.4       2.31

OAI22X1 35 0.55      1.64 x 1.4       2.296

OAI22X1 140 0.55      1.63 x 1.4       2.282

