OR2X1 7 0.7      1.2 x 1.4       1.68

OR2X1 10 0.7      0.98 x 1.4       1.372

OR2X1 14 0.7      1 x 1.4       1.4

OR2X1 20 0.7      0.91 x 1.4       1.274

OR2X1 28 0.7      0.95 x 1.4       1.33

OR2X1 35 0.7      0.92 x 1.4       1.288

OR2X1 70 0.7      0.92 x 1.4       1.288

OR2X1 140 0.7      0.91 x 1.4       1.274

OR2X1 280 0.7      0.91 x 1.4       1.274

OR2X1 7 0.65      1 x 1.4       1.4

OR2X1 10 0.65      0.98 x 1.4       1.372

OR2X1 14 0.65      1 x 1.4       1.4

OR2X1 20 0.65      0.91 x 1.4       1.274

OR2X1 28 0.65      0.95 x 1.4       1.33

OR2X1 35 0.65      0.92 x 1.4       1.288

OR2X1 70 0.65      0.92 x 1.4       1.288

OR2X1 140 0.65      0.91 x 1.4       1.274

OR2X1 280 0.65      0.91 x 1.4       1.274

OR2X1 7 0.75      1 x 1.4       1.4

OR2X1 10 0.75      0.98 x 1.4       1.372

OR2X1 14 0.75      1 x 1.4       1.4

OR2X1 20 0.75      0.91 x 1.4       1.274

OR2X1 28 0.75      0.95 x 1.4       1.33

OR2X1 35 0.75      0.92 x 1.4       1.288

OR2X1 70 0.75      0.92 x 1.4       1.288

OR2X1 140 0.75      0.91 x 1.4       1.274

OR2X1 280 0.75      0.91 x 1.4       1.274

OR2X1 7 0.6      0 x 0       0

OR2X1 10 0.6      0 x 0       0

OR2X1 14 0.6      0 x 0       0

OR2X1 20 0.6      0 x 0       0

OR2X1 28 0.6      0 x 0       0

OR2X1 35 0.6      0 x 0       0

OR2X1 70 0.6      0 x 0       0

OR2X1 140 0.6      0 x 0       0

OR2X1 280 0.6      0 x 0       0

OR2X1 7 0.8      1 x 1.4       1.4

OR2X1 10 0.8      0.98 x 1.4       1.372

OR2X1 14 0.8      1 x 1.4       1.4

OR2X1 20 0.8      0.91 x 1.4       1.274

OR2X1 28 0.8      0.95 x 1.4       1.33

OR2X1 35 0.8      0.92 x 1.4       1.288

OR2X1 70 0.8      0.92 x 1.4       1.288

OR2X1 140 0.8      0.91 x 1.4       1.274

OR2X1 280 0.8      0.91 x 1.4       1.274

OR2X1 7 0.55      1 x 1.4       1.4

OR2X1 10 0.55      0.98 x 1.4       1.372

OR2X1 14 0.55      1 x 1.4       1.4

OR2X1 20 0.55      0.98 x 1.4       1.372

OR2X1 28 0.55      0.95 x 1.4       1.33

OR2X1 35 0.55      0.96 x 1.4       1.344

OR2X1 70 0.55      0.94 x 1.4       1.316

OR2X1 140 0.55      0.93 x 1.4       1.302

OR2X1 280 0.55      0.925 x 1.4       1.295

