OR3X1 7 0.7      1.2 x 1.4       1.68

OR3X1 10 0.7      1.12 x 1.4       1.568

OR3X1 14 0.7      1.1 x 1.4       1.54

OR3X1 20 0.7      1.12 x 1.4       1.568

OR3X1 28 0.7      1.1 x 1.4       1.54

OR3X1 35 0.7      1.12 x 1.4       1.568

OR3X1 70 0.7      1.1 x 1.4       1.54

OR3X1 140 0.7      1.1 x 1.4       1.54

OR3X1 280 0.7      1.1 x 1.4       1.54

OR3X1 7 0.65      1.2 x 1.4       1.68

OR3X1 10 0.65      1.12 x 1.4       1.568

OR3X1 14 0.65      1.1 x 1.4       1.54

OR3X1 20 0.65      1.12 x 1.4       1.568

OR3X1 28 0.65      1.1 x 1.4       1.54

OR3X1 35 0.65      1.12 x 1.4       1.568

OR3X1 70 0.65      1.1 x 1.4       1.54

OR3X1 140 0.65      1.1 x 1.4       1.54

OR3X1 280 0.65      1.1 x 1.4       1.54

OR3X1 7 0.75      1.2 x 1.4       1.68

OR3X1 10 0.75      1.12 x 1.4       1.568

OR3X1 14 0.75      1.1 x 1.4       1.54

OR3X1 20 0.75      1.12 x 1.4       1.568

OR3X1 28 0.75      1.1 x 1.4       1.54

OR3X1 35 0.75      1.12 x 1.4       1.568

OR3X1 70 0.75      1.1 x 1.4       1.54

OR3X1 140 0.75      1.1 x 1.4       1.54

OR3X1 280 0.75      1.1 x 1.4       1.54

OR3X1 7 0.6      0 x 0       0

OR3X1 10 0.6      0 x 0       0

OR3X1 14 0.6      0 x 0       0

OR3X1 20 0.6      0 x 0       0

OR3X1 28 0.6      0 x 0       0

OR3X1 35 0.6      0 x 0       0

OR3X1 70 0.6      0 x 0       0

OR3X1 140 0.6      0 x 0       0

OR3X1 280 0.6      0 x 0       0

OR3X1 7 0.8      1.2 x 1.4       1.68

OR3X1 10 0.8      1.26 x 1.4       1.764

OR3X1 14 0.8      1.1 x 1.4       1.54

OR3X1 20 0.8      1.12 x 1.4       1.568

OR3X1 28 0.8      1.1 x 1.4       1.54

OR3X1 35 0.8      1.12 x 1.4       1.568

OR3X1 70 0.8      1.1 x 1.4       1.54

OR3X1 140 0.8      1.1 x 1.4       1.54

OR3X1 280 0.8      1.1 x 1.4       1.54

OR3X1 7 0.55      1.4 x 1.4       1.96

OR3X1 10 0.55      1.12 x 1.4       1.568

OR3X1 14 0.55      1.2 x 1.4       1.68

OR3X1 20 0.55      1.12 x 1.4       1.568

OR3X1 28 0.55      1.15 x 1.4       1.61

OR3X1 35 0.55      1.12 x 1.4       1.568

OR3X1 70 0.55      1.12 x 1.4       1.568

OR3X1 140 0.55      1.12 x 1.4       1.568

OR3X1 280 0.55      1.115 x 1.4       1.561

