OR4X1 7 0.7      1.4 x 1.4       1.96

OR4X1 10 0.7      1.4 x 1.4       1.96

OR4X1 14 0.7      1.3 x 1.4       1.82

OR4X1 20 0.7      1.33 x 1.4       1.862

OR4X1 28 0.7      1.3 x 1.4       1.82

OR4X1 35 0.7      1.32 x 1.4       1.848

OR4X1 70 0.7      1.3 x 1.4       1.82

OR4X1 140 0.7      1.29 x 1.4       1.806

OR4X1 280 0.7      1.29 x 1.4       1.806

OR4X1 7 0.65      1.4 x 1.4       1.96

OR4X1 10 0.65      1.4 x 1.4       1.96

OR4X1 14 0.65      1.3 x 1.4       1.82

OR4X1 20 0.65      1.33 x 1.4       1.862

OR4X1 28 0.65      1.3 x 1.4       1.82

OR4X1 35 0.65      1.32 x 1.4       1.848

OR4X1 70 0.65      1.3 x 1.4       1.82

OR4X1 140 0.65      1.29 x 1.4       1.806

OR4X1 280 0.65      1.29 x 1.4       1.806

OR4X1 7 0.75      1.4 x 1.4       1.96

OR4X1 10 0.75      1.4 x 1.4       1.96

OR4X1 14 0.75      1.4 x 1.4       1.96

OR4X1 20 0.75      1.33 x 1.4       1.862

OR4X1 28 0.75      1.3 x 1.4       1.82

OR4X1 35 0.75      1.32 x 1.4       1.848

OR4X1 70 0.75      1.3 x 1.4       1.82

OR4X1 140 0.75      1.29 x 1.4       1.806

OR4X1 280 0.75      1.29 x 1.4       1.806

OR4X1 7 0.6      0 x 0       0

OR4X1 10 0.6      0 x 0       0

OR4X1 14 0.6      0 x 0       0

OR4X1 20 0.6      0 x 0       0

OR4X1 28 0.6      0 x 0       0

OR4X1 35 0.6      0 x 0       0

OR4X1 70 0.6      0 x 0       0

OR4X1 140 0.6      0 x 0       0

OR4X1 280 0.6      0 x 0       0

OR4X1 7 0.8      1.4 x 1.4       1.96

OR4X1 10 0.8      1.4 x 1.4       1.96

OR4X1 14 0.8      1.3 x 1.4       1.82

OR4X1 20 0.8      1.33 x 1.4       1.862

OR4X1 28 0.8      1.3 x 1.4       1.82

OR4X1 35 0.8      1.32 x 1.4       1.848

OR4X1 70 0.8      1.3 x 1.4       1.82

OR4X1 140 0.8      1.29 x 1.4       1.806

OR4X1 280 0.8      1.29 x 1.4       1.806

OR4X1 7 0.55      1.4 x 1.4       1.96

OR4X1 10 0.55      1.4 x 1.4       1.96

OR4X1 14 0.55      1.4 x 1.4       1.96

OR4X1 20 0.55      1.33 x 1.4       1.862

OR4X1 28 0.55      1.35 x 1.4       1.89

OR4X1 35 0.55      1.32 x 1.4       1.848

OR4X1 70 0.55      1.32 x 1.4       1.848

OR4X1 140 0.55      1.31 x 1.4       1.834

OR4X1 280 0.55      1.305 x 1.4       1.827

