XOR2X1 7 0.7      1.8 x 1.4       2.52

XOR2X1 10 0.7      1.82 x 1.4       2.548

XOR2X1 14 0.7      1.7 x 1.4       2.38

XOR2X1 20 0.7      1.68 x 1.4       2.352

XOR2X1 28 0.7      1.7 x 1.4       2.38

XOR2X1 35 0.7      1.68 x 1.4       2.352

XOR2X1 70 0.7      1.68 x 1.4       2.352

XOR2X1 140 0.7      1.67 x 1.4       2.338

XOR2X1 280 0.7      1.67 x 1.4       2.338

XOR2X1 7 0.65      0 x 0       0

XOR2X1 10 0.65      1.82 x 1.4       2.548

XOR2X1 14 0.65      1.7 x 1.4       2.38

XOR2X1 20 0.65      1.68 x 1.4       2.352

XOR2X1 28 0.65      1.7 x 1.4       2.38

XOR2X1 35 0.65      1.68 x 1.4       2.352

XOR2X1 70 0.65      1.68 x 1.4       2.352

XOR2X1 140 0.65      1.67 x 1.4       2.338

XOR2X1 280 0.65      1.67 x 1.4       2.338

XOR2X1 7 0.75      1.8 x 1.4       2.52

XOR2X1 10 0.75      1.82 x 1.4       2.548

XOR2X1 14 0.75      1.7 x 1.4       2.38

XOR2X1 20 0.75      1.68 x 1.4       2.352

XOR2X1 28 0.75      1.7 x 1.4       2.38

XOR2X1 35 0.75      1.68 x 1.4       2.352

XOR2X1 70 0.75      1.68 x 1.4       2.352

XOR2X1 140 0.75      1.67 x 1.4       2.338

XOR2X1 280 0.75      1.67 x 1.4       2.338

XOR2X1 7 0.6      0 x 0       0

XOR2X1 10 0.6      0 x 0       0

XOR2X1 14 0.6      0 x 0       0

XOR2X1 20 0.6      0 x 0       0

XOR2X1 28 0.6      0 x 0       0

XOR2X1 35 0.6      0 x 0       0

XOR2X1 70 0.6      0 x 0       0

XOR2X1 140 0.6      0 x 0       0

XOR2X1 280 0.6      0 x 0       0

XOR2X1 7 0.8      1.8 x 1.4       2.52

XOR2X1 10 0.8      1.68 x 1.4       2.352

XOR2X1 14 0.8      1.7 x 1.4       2.38

XOR2X1 20 0.8      1.68 x 1.4       2.352

XOR2X1 28 0.8      1.7 x 1.4       2.38

XOR2X1 35 0.8      1.68 x 1.4       2.352

XOR2X1 70 0.8      1.68 x 1.4       2.352

XOR2X1 140 0.8      1.67 x 1.4       2.338

XOR2X1 280 0.8      1.67 x 1.4       2.338

XOR2X1 7 0.55      1.8 x 1.4       2.52

XOR2X1 10 0.55      1.82 x 1.4       2.548

XOR2X1 14 0.55      1.7 x 1.4       2.38

XOR2X1 20 0.55      1.75 x 1.4       2.45

XOR2X1 28 0.55      1.7 x 1.4       2.38

XOR2X1 35 0.55      1.72 x 1.4       2.408

XOR2X1 70 0.55      1.7 x 1.4       2.38

XOR2X1 140 0.55      1.69 x 1.4       2.366

XOR2X1 280 0.55      1.685 x 1.4       2.359

